2597.5
2397.5
2660.0
2675.0
2470.0
2697.5
2675.0
2502.5
2765.0
2955.0
2847.5
2590.0
2322.5
2537.5
2740.0
2690.0
2467.5
2727.5
2872.5
2487.5
2560.0
2612.5
2750.0
2465.0
2637.5
2807.5
2905.0
2815.0
2500.0
2570.0
2782.5
2815.0
2382.5
2707.5
2645.0
2695.0
2560.0
2445.0
2665.0
2640.0
2445.0
2487.5
2590.0
2690.0
2325.0
2732.5
2687.5
2462.5
2955.0
2715.0
2815.0
2602.5
2970.0
2647.5
2660.0
2507.5
2592.5
2780.0
2647.5
2597.5
2505.0
2995.0
2272.5
2502.5
2435.0
2685.0
2470.0
2607.5
2880.0
2727.5
2597.5
2492.5
2520.0
2550.0
2602.5
2675.0
2642.5
2915.0
2635.0
2657.5
2530.0
2642.5
2747.5
2640.0
2832.5
2665.0
2492.5
2375.0
2595.0
2435.0
2530.0
2782.5
2845.0
2500.0
2437.5
2570.0
2635.0
2417.5
2732.5
2392.5
