5255.0
5480.0
5445.0
5340.0
4875.0
5310.0
5860.0
4587.5
5022.5
5167.5
5152.5
5310.0
5067.5
4797.5
5745.0
5590.0
5135.0
5472.5
4965.0
5370.0
5690.0
5217.5
5202.5
4847.5
5085.0
5270.0
4917.5
5372.5
5060.0
5487.5
5182.5
4942.5
5440.0
5030.0
5067.5
5810.0
5592.5
5142.5
4777.5
5480.0
5622.5
5407.5
5445.0
5230.0
5012.5
5080.0
5262.5
5522.5
5470.0
5135.0
4985.0
4805.0
5407.5
5315.0
5022.5
5482.5
4947.5
5265.0
5462.5
4952.5
5205.0
5085.0
4900.0
5117.5
5415.0
5267.5
5240.0
5197.5
4502.5
5330.0
5395.0
5180.0
5527.5
4825.0
4825.0
4685.0
4897.5
5380.0
5527.5
5235.0
4802.5
4920.0
5200.0
5187.5
5092.5
5277.5
5310.0
5265.0
5400.0
5145.0
4862.5
5520.0
5357.5
5210.0
5327.5
5050.0
5412.5
5117.5
5297.5
5012.5
